WorkRaveStats 4
D 11 10 109 10 55 11 10 109 17 30
B 0 7 11 1 53 4 0 6 4539 
B 1 7 2 0 1 0 0 1 12004 
B 2 7 0 0 0 0 0 0 3006 
m 6 17406 2466316 2122431 3138 4780 5902 
D 12 10 109 9 56 12 10 109 15 33
B 0 7 0 0 28 0 0 0 8487 
B 1 7 0 0 0 0 0 0 14171 
B 2 7 0 0 0 0 0 0 2471 
m 6 16871 2203718 1631184 5 3433 12990 
D 18 10 109 10 19 18 10 109 17 2
B 0 7 0 0 42 0 0 0 6294 
B 1 7 0 0 0 0 0 0 9617 
B 2 7 0 0 0 0 0 0 617 
m 6 15017 1793668 1448951 2363 3017 8080 
D 19 10 109 10 17 19 10 109 17 56
B 0 7 0 0 54 0 0 0 5677 
B 1 7 0 0 0 0 0 0 11649 
B 2 7 0 0 0 0 0 0 2649 
m 6 17049 1721888 1409294 2602 3313 6503 
D 20 10 109 10 5 20 10 109 16 39
B 0 7 0 0 63 0 0 0 5220 
B 1 7 0 0 0 0 0 0 13947 
B 2 7 0 0 0 0 0 0 2247 
m 6 16647 1580127 1242166 2 2918 7742 
D 23 10 109 10 3 23 10 109 17 51
B 0 7 0 0 26 0 0 0 9230 
B 1 7 0 0 2 0 0 0 10841 
B 2 7 0 0 0 0 0 0 5488 
m 6 19888 2018402 1700791 0 3926 9476 
D 24 10 109 10 3 24 10 109 16 59
B 0 7 0 0 39 0 0 0 6660 
B 1 7 0 0 0 0 0 0 11522 
B 2 7 0 0 0 0 0 0 2522 
m 6 16922 1951566 1649916 2635 3504 6953 
D 25 10 109 10 27 25 10 109 17 6
B 0 7 0 0 67 0 0 0 3811 
B 1 7 0 0 3 0 0 0 890 
B 2 7 0 0 0 0 0 0 0 
m 6 8209 871189 726284 662 1534 3361 
D 26 10 109 10 32 26 10 109 17 14
B 0 7 0 0 94 0 0 0 1381 
B 1 7 0 0 1 0 0 0 2685 
B 2 7 0 0 0 0 0 0 0 
m 6 8656 1104348 785323 4 2079 3547 
D 27 10 109 10 7 27 10 109 17 54
B 0 7 0 0 30 0 0 0 7822 
B 1 7 0 0 0 0 0 0 5121 
B 2 7 0 0 0 0 0 0 0 
m 6 14302 2024338 1206437 1 2811 7065 
D 28 10 109 14 2 29 10 109 2 31
B 0 7 0 0 18 0 0 0 8961 
B 1 7 0 0 2 0 0 0 8053 
B 2 7 0 0 0 0 0 0 0 
m 6 12639 2505360 1268793 386 5066 7370 
D 29 10 109 10 57 29 10 109 18 2
B 0 7 0 0 13 0 0 0 5932 
B 1 7 0 0 1 0 0 0 3485 
B 2 7 0 0 0 0 0 0 0 
m 6 9722 1749231 1022812 417 3475 3437 
D 30 10 109 9 44 30 10 109 21 51
B 0 7 0 0 48 0 0 0 6549 
B 1 7 0 0 0 0 0 0 8764 
B 2 7 0 0 0 0 0 0 1536 
m 6 15936 2355511 1415505 3 3070 6230 
D 1 11 109 9 43 1 11 109 17 57
B 0 7 0 0 33 0 0 0 12139 
B 1 7 0 0 0 0 0 0 16972 
B 2 7 0 0 0 0 0 0 7972 
m 6 22372 2745111 2314471 3417 5790 8630 
D 2 11 109 10 11 2 11 109 21 53
B 0 7 0 0 66 0 0 0 15049 
B 1 7 0 0 1 0 0 0 1457 
B 2 7 0 0 0 0 0 0 16462 
m 6 30863 3501820 2595890 1346 5818 13978 
D 3 11 109 10 12 3 11 109 14 26
B 0 7 0 0 6 0 0 0 10245 
B 1 7 0 0 0 0 0 0 11007 
B 2 7 0 0 0 0 0 0 0 
m 6 13707 2014294 1510298 2558 3336 4621 
D 4 11 109 12 48 4 11 109 15 35
B 0 7 0 0 3 0 0 0 5876 
B 1 7 0 0 0 0 0 0 2685 
B 2 7 0 0 0 0 0 0 0 
m 6 8085 1254946 932778 1 2089 2665 
D 7 11 109 10 18 7 11 109 13 23
B 0 7 0 0 17 0 0 0 3525 
B 1 7 0 0 1 0 0 0 5737 
B 2 7 0 0 0 0 0 0 0 
m 6 8516 828245 748908 1371 1868 4912 
D 8 11 109 9 45 8 11 109 19 13
B 0 7 0 0 43 0 0 0 13869 
B 1 7 0 0 0 0 0 0 20769 
B 2 7 0 0 0 0 0 0 11769 
m 6 26169 3354022 2618919 0 6334 16758 
D 9 11 109 10 12 9 11 109 19 21
B 0 7 0 0 68 0 0 0 5716 
B 1 7 0 0 2 0 0 0 8618 
B 2 7 0 0 0 0 0 0 4725 
m 6 19125 2360682 1843946 1 3868 8351 
D 10 11 109 10 21 10 11 109 18 26
B 0 7 0 0 36 0 0 0 10713 
B 1 7 0 0 0 0 0 0 10229 
B 2 7 0 0 0 0 0 0 6629 
m 6 21029 2859916 2394180 3748 4832 5297 
D 11 11 109 9 21 11 11 109 17 47
B 0 7 0 0 75 0 0 0 5413 
B 1 7 0 0 0 0 0 0 12084 
B 2 7 0 0 0 0 0 0 5784 
m 6 20184 2989597 2569573 1 5170 7607 
D 14 11 109 10 22 14 11 109 18 54
B 0 7 0 0 66 0 0 0 7422 
B 1 7 0 0 0 0 0 0 17151 
B 2 7 0 0 0 0 0 0 8151 
m 6 22551 3248813 2707201 1 5504 6004 
D 15 11 109 10 26 15 11 109 16 45
B 0 7 0 0 41 0 0 0 5726 
B 1 7 0 0 0 0 0 0 10482 
B 2 7 0 0 0 0 0 0 1482 
m 6 15882 2291006 1858001 0 3770 6300 
D 16 11 109 10 13 16 11 109 18 26
B 0 7 0 0 30 0 0 0 12415 
B 1 7 0 0 0 0 0 0 18306 
B 2 7 0 0 0 0 0 0 9306 
m 6 23706 3407041 2673994 4453 5264 10257 
D 17 11 109 10 17 17 11 109 17 6
B 0 7 0 0 34 0 0 0 8797 
B 1 7 0 0 0 0 0 0 16783 
B 2 7 0 0 0 0 0 0 5083 
m 6 19483 2269765 1861389 12 3784 9515 
D 18 11 109 13 44 18 11 109 14 33
B 0 7 0 0 3 0 0 0 464 
B 1 7 0 0 1 0 0 0 0 
B 2 7 0 0 0 0 0 0 0 
m 6 1905 339464 182851 2 474 896 
D 21 11 109 10 54 21 11 109 17 55
B 0 7 0 0 13 0 0 0 12585 
B 1 7 0 0 0 0 0 0 15238 
B 2 7 0 0 0 0 0 0 6238 
m 6 20638 3048910 2481358 3789 5413 5862 
D 22 11 109 10 25 22 11 109 15 56
B 0 7 0 0 35 0 0 0 6798 
B 1 7 0 0 0 0 0 0 9456 
B 2 7 0 0 0 0 0 0 456 
m 6 14856 2246283 1527872 2715 3424 5718 
D 23 11 109 10 36 23 11 109 14 0
B 0 7 0 0 25 0 0 0 3616 
B 1 7 0 0 0 0 0 0 7121 
B 2 7 0 0 0 0 0 0 0 
m 6 9821 1590400 1075681 10 2460 4206 
D 25 11 109 13 32 25 11 109 14 23
B 0 7 0 0 11 0 0 0 364 
B 1 7 0 0 1 0 0 0 0 
B 2 7 0 0 0 0 0 0 0 
m 6 1244 310507 150470 580 415 365 
D 29 11 109 19 40 30 11 109 3 22
B 0 7 0 0 19 0 0 0 13323 
B 1 7 0 0 2 0 0 0 10218 
B 2 7 0 0 0 0 0 0 4530 
m 6 18930 4270537 2074693 8110 7004 8011 
D 30 11 109 4 0 30 11 109 13 55
B 0 7 0 0 18 0 0 0 1260 
B 1 7 0 0 1 0 0 0 0 
B 2 7 0 0 0 0 0 0 0 
m 6 3746 751331 270163 1056 854 938 
D 2 0 110 19 25 3 0 110 1 38
B 0 7 0 0 26 0 0 0 4680 
B 1 7 0 0 2 0 0 0 251 
B 2 7 0 0 0 0 0 0 0 
m 6 7858 1823279 950126 1325 3051 2506 
D 3 0 110 11 56 3 0 110 22 26
B 0 7 0 0 95 0 0 0 6424 
B 1 7 0 0 1 0 0 0 4845 
B 2 7 0 0 0 0 0 0 0 
m 6 14122 3019478 1642236 3 5164 6012 
D 4 0 110 9 57 4 0 110 16 41
B 0 7 0 0 20 0 0 0 12772 
B 1 7 0 0 0 0 0 0 13733 
B 2 7 0 0 0 0 0 0 4733 
m 6 19133 2929040 2384337 1 6800 5615 
D 5 0 110 11 52 5 0 110 14 26
B 0 7 0 0 10 0 0 0 5741 
B 1 7 0 0 0 0 0 0 5098 
B 2 7 0 0 0 0 0 0 0 
m 6 7798 1301490 928608 4 2401 4622 
D 6 0 110 11 7 6 0 110 18 23
B 0 7 0 0 26 0 0 0 12417 
B 1 7 0 0 0 0 0 0 15767 
B 2 7 0 0 0 0 0 0 6767 
m 6 21167 2887492 2191714 6 5379 14886 
D 7 0 110 9 54 7 0 110 18 13
B 0 7 0 0 39 0 0 0 8398 
B 1 7 0 0 0 0 0 0 12275 
B 2 7 0 0 0 0 0 0 5013 
m 6 19413 2277393 1627235 2828 3865 13363 
D 8 0 110 12 52 8 0 110 21 2
B 0 7 0 0 46 0 0 0 974 
B 1 7 0 0 10 0 0 0 729 
B 2 7 0 0 0 0 0 0 0 
m 6 3780 523763 307239 15 696 1265 
D 9 0 110 10 13 9 0 110 10 36
B 0 7 0 0 13 0 0 0 0 
B 1 7 0 0 0 0 0 0 0 
B 2 7 0 0 0 0 0 0 0 
m 6 658 104498 56336 2 103 86 
D 11 0 110 21 24 11 0 110 23 12
B 0 7 0 0 36 0 0 0 413 
B 1 7 0 0 0 0 0 0 1188 
B 2 7 0 0 0 0 0 0 0 
m 6 3888 699427 282897 1 557 701 
D 12 0 110 9 44 13 0 110 0 53
B 0 7 0 0 60 0 0 0 15355 
B 1 7 0 0 6 0 0 0 5939 
B 2 7 0 0 0 0 0 0 12021 
m 6 26421 3927944 2312443 2 6139 16428 
D 13 0 110 11 53 13 0 110 16 16
B 0 7 0 0 8 0 0 0 678 
B 1 7 0 0 0 0 0 0 0 
B 2 7 0 0 0 0 0 0 0 
m 6 2148 273876 165381 10 372 2412 
D 18 0 110 3 1 18 0 110 4 15
B 0 7 0 0 4 0 0 0 0 
B 1 7 0 0 1 0 0 0 0 
B 2 7 0 0 0 0 0 0 0 
m 6 45 216918 123592 1 322 242 
D 19 0 110 17 5 20 0 110 1 48
B 0 7 0 0 111 0 0 0 178 
B 1 7 0 0 5 0 0 0 1119 
B 2 7 0 0 0 0 0 0 0 
m 6 8674 876097 507616 1120 1011 4127 
D 20 0 110 17 58 20 0 110 20 37
B 0 7 0 0 7 0 0 0 0 
B 1 7 0 0 1 0 0 0 0 
B 2 7 0 0 0 0 0 0 0 
m 6 619 73209 42171 1 91 125 
D 21 0 110 8 14 21 0 110 22 0
B 0 7 0 0 28 0 0 0 61 
B 1 7 0 0 5 0 0 0 0 
B 2 7 0 0 0 0 0 0 0 
m 6 2152 375857 210743 1 367 355 
D 22 0 110 10 18 23 0 110 3 59
B 0 7 0 0 14 0 0 0 15260 
B 1 7 0 0 2 0 0 0 0 
B 2 7 0 0 0 0 0 0 10405 
m 6 24850 3734981 2542404 1177 6174 7003 
D 23 0 110 4 0 23 0 110 14 33
B 0 7 0 0 4 0 0 0 2991 
B 1 7 0 0 0 0 0 0 0 
B 2 7 0 0 0 0 0 0 0 
m 6 2563 302837 201110 66 553 290 
D 24 0 110 19 37 24 0 110 19 49
B 0 7 0 0 14 0 0 0 0 
B 1 7 0 0 3 0 0 0 0 
B 2 7 0 0 0 0 0 0 0 
m 6 577 67716 35562 0 79 388 
D 25 0 110 8 20 25 0 110 21 49
B 0 7 0 0 102 0 0 0 1459 
B 1 7 0 0 3 0 0 0 0 
B 2 7 0 0 0 0 0 0 0 
m 6 7457 934057 477667 0 1172 4421 
D 26 0 110 9 12 27 0 110 1 58
B 0 7 0 0 137 0 0 0 11967 
B 1 7 0 0 1 0 0 0 4339 
B 2 7 0 0 0 0 0 0 21119 
m 6 35519 4041863 2406434 619 5406 22155 
D 27 0 110 9 4 27 0 110 21 7
B 0 7 0 0 143 0 0 0 6806 
B 1 7 0 0 0 0 0 0 8844 
B 2 7 0 0 0 0 0 0 9878 
m 6 24278 3376416 1967509 0 5003 10052 
D 28 0 110 8 56 28 0 110 23 38
B 0 7 0 0 174 0 0 0 5213 
B 1 7 0 0 1 0 0 0 5236 
B 2 7 0 0 0 0 0 0 8743 
m 6 23143 3878839 2287897 10 5562 9739 
D 29 0 110 9 1 30 0 110 3 7
B 0 7 0 0 80 0 0 0 14994 
B 1 7 0 0 0 0 0 0 13000 
B 2 7 0 0 0 0 0 0 8904 
m 6 23304 4982143 2711969 0 9468 10386 
D 30 0 110 14 10 30 0 110 14 14
B 0 7 0 0 8 0 0 0 0 
B 1 7 0 0 1 0 0 0 0 
B 2 7 0 0 0 0 0 0 0 
m 6 122 37020 13145 1 34 21 
D 1 1 110 14 30 1 1 110 16 36
B 0 7 0 0 12 0 0 0 1911 
B 1 7 0 0 2 0 0 0 225 
B 2 7 0 0 0 0 0 0 0 
m 6 3018 400208 285428 444 785 1645 
D 2 1 110 11 53 2 1 110 18 14
B 0 7 0 0 30 0 0 0 9273 
B 1 7 0 0 1 0 0 0 15265 
B 2 7 0 0 0 0 0 0 3565 
m 6 17965 3029296 1852887 3432 4208 6764 
D 3 1 110 9 6 3 1 110 14 9
B 0 7 0 0 5 0 0 0 9960 
B 1 7 0 0 0 0 0 0 13103 
B 2 7 0 0 0 0 0 0 1403 
m 6 15803 2408269 1510694 14 3635 4099 
D 5 1 110 9 53 5 1 110 17 50
B 0 7 0 0 52 0 0 0 11553 
B 1 7 0 0 0 0 0 0 12557 
B 2 7 0 0 0 0 0 0 6257 
m 6 20657 3285985 1868875 4072 4482 6808 
D 8 1 110 9 41 8 1 110 18 17
B 0 7 0 0 67 0 0 0 11263 
B 1 7 0 0 0 0 0 0 16948 
B 2 7 0 0 0 0 0 0 7948 
m 6 22348 3135473 1896475 16 4658 9556 
D 11 1 110 10 52 11 1 110 17 37
B 0 7 0 0 10 0 0 0 15985 
B 1 7 0 0 0 0 0 0 19419 
B 2 7 0 0 0 0 0 0 7719 
m 6 22119 4449431 2786266 5523 6728 8166 
D 12 1 110 9 5 12 1 110 16 52
B 0 7 0 0 16 0 0 0 13568 
B 1 7 0 0 1 0 0 0 16702 
B 2 7 0 0 0 0 0 0 8384 
m 6 22784 3289951 2280048 3 5301 13642 
D 15 1 110 10 5 15 1 110 15 18
B 0 7 0 0 10 0 0 0 10038 
B 1 7 0 0 0 0 0 0 9052 
B 2 7 0 0 0 0 0 0 52 
m 6 14452 1992462 1312114 3119 3366 5650 
D 16 1 110 10 9 16 1 110 18 4
B 0 7 0 0 15 0 0 0 14068 
B 1 7 0 0 0 0 0 0 11859 
B 2 7 0 0 0 0 0 0 8259 
m 6 22659 3267698 2298844 7 5863 10660 
D 17 1 110 10 14 17 1 110 17 24
B 0 7 0 0 18 0 0 0 13820 
B 1 7 0 0 0 0 0 0 19388 
B 2 7 0 0 0 0 0 0 7688 
m 6 22088 3791113 2681515 6 6301 9984 
D 18 1 110 17 4 18 1 110 23 16
B 0 7 0 0 17 0 0 0 3168 
B 1 7 0 0 0 0 0 0 2942 
B 2 7 0 0 0 0 0 0 0 
m 6 6720 750869 420199 1961 1063 4111 
D 19 1 110 10 18 19 1 110 21 36
B 0 7 0 0 76 0 0 0 8920 
B 1 7 0 0 6 0 0 0 5203 
B 2 7 0 0 0 0 0 0 3564 
m 6 17964 2442570 1267578 5484 5607 3495 
D 20 1 110 10 25 20 1 110 18 16
B 0 7 0 0 38 0 0 0 463 
B 1 7 0 0 4 0 0 0 1656 
B 2 7 0 0 0 0 0 0 0 
m 6 4845 1203329 216106 1430 617 703 
D 21 1 110 12 49 21 1 110 14 23
B 0 7 0 0 15 0 0 0 0 
B 1 7 0 0 2 0 0 0 0 
B 2 7 0 0 0 0 0 0 0 
m 6 1589 282625 196414 7 510 179 
D 22 1 110 13 21 22 1 110 18 6
B 0 7 0 0 5 0 0 0 9227 
B 1 7 0 0 0 0 0 0 9972 
B 2 7 0 0 0 0 0 0 0 
m 6 13006 2344128 1494844 2733 3394 9045 
D 23 1 110 13 3 23 1 110 16 54
B 0 7 0 0 25 0 0 0 5149 
B 1 7 0 0 0 0 0 0 8435 
B 2 7 0 0 0 0 0 0 0 
m 6 11135 1461089 970135 1 2140 8811 
D 24 1 110 9 21 24 1 110 18 6
B 0 7 0 0 21 0 0 0 14718 
B 1 7 0 0 0 0 0 0 17782 
B 2 7 0 0 0 0 0 0 10423 
m 6 24823 3713680 2596261 8 6493 13469 
D 25 1 110 10 11 25 1 110 14 4
B 0 7 0 0 3 0 0 0 0 
B 1 7 0 0 1 0 0 0 0 
B 2 7 0 0 0 0 0 0 0 
m 6 542 105775 49844 0 120 70 
D 26 1 110 9 13 26 1 110 18 43
B 0 7 0 0 26 0 0 0 1292 
B 1 7 0 0 2 0 0 0 0 
B 2 7 0 0 0 0 0 0 0 
m 6 4693 689373 371218 5 862 1284 
D 28 1 110 12 53 28 1 110 23 52
B 0 7 0 0 14 0 0 0 1120 
B 1 7 0 0 0 0 0 0 0 
B 2 7 0 0 0 0 0 0 0 
m 6 2517 479988 240980 815 749 518 
D 1 2 110 9 53 1 2 110 18 1
B 0 7 0 0 56 0 0 0 5856 
B 1 7 0 0 1 0 0 0 5722 
B 2 7 0 0 0 0 0 0 0 
m 6 13865 2221760 1401959 1 3177 5759 
D 2 2 110 10 2 2 2 110 17 26
B 0 7 0 0 72 0 0 0 6287 
B 1 7 0 0 0 0 0 0 8446 
B 2 7 0 0 0 0 0 0 2146 
m 6 16546 2365367 1586264 3253 4267 4356 
D 3 2 110 10 28 3 2 110 18 51
B 0 7 0 0 92 0 0 0 3418 
B 1 7 0 0 2 0 0 0 4807 
B 2 7 0 0 0 0 0 0 0 
m 6 11578 1734942 1031717 2098 2689 5064 
D 4 2 110 8 22 4 2 110 11 30
B 0 7 0 0 40 0 0 0 1183 
B 1 7 0 0 1 0 0 0 165 
B 2 7 0 0 0 0 0 0 0 
m 6 3345 477677 321927 7 601 1140 
D 7 2 110 21 48 7 2 110 22 15
B 0 7 0 0 13 0 0 0 0 
B 1 7 0 0 6 0 0 0 0 
B 2 7 0 0 0 0 0 0 0 
m 6 172 21074 8487 54 39 9 
D 8 2 110 9 27 8 2 110 18 11
B 0 7 0 0 42 0 0 0 10487 
B 1 7 0 0 0 0 0 0 13648 
B 2 7 0 0 0 0 0 0 4648 
m 6 19048 2831286 2000144 4009 5166 5742 
D 9 2 110 9 58 9 2 110 17 56
B 0 7 0 0 74 0 0 0 8719 
B 1 7 0 0 0 0 0 0 14017 
B 2 7 0 0 0 0 0 0 5017 
m 6 19417 2772149 1880881 2290 4738 8307 
D 10 2 110 10 23 10 2 110 14 40
B 0 7 0 0 7 0 0 0 1915 
B 1 7 0 0 1 0 0 0 66 
B 2 7 0 0 0 0 0 0 0 
m 6 5075 815942 472263 511 1205 3114 
D 12 2 110 9 53 12 2 110 16 43
B 0 7 0 0 19 0 0 0 13199 
B 1 7 0 0 0 0 0 0 18733 
B 2 7 0 0 0 0 0 0 7033 
m 6 21433 2865458 2079039 3788 5308 9558 
D 15 2 110 10 4 15 2 110 18 33
B 0 7 0 0 38 0 0 0 6490 
B 1 7 0 0 4 0 0 0 4229 
B 2 7 0 0 0 0 0 0 0 
m 6 12118 1337847 937691 1841 2433 4408 
D 16 2 110 9 52 16 2 110 18 29
B 0 7 0 0 40 0 0 0 12531 
B 1 7 0 0 1 0 0 0 11147 
B 2 7 0 0 0 0 0 0 7282 
m 6 21682 2916406 2029020 0 5156 6998 
D 17 2 110 10 16 17 2 110 18 31
B 0 7 0 0 55 0 0 0 6411 
B 1 7 0 0 2 0 0 0 8523 
B 2 7 0 0 0 0 0 0 1533 
m 6 15933 2179113 1550013 2598 3914 6744 
D 19 2 110 10 51 19 2 110 12 12
B 0 7 0 0 14 0 0 0 0 
B 1 7 0 0 2 0 0 0 0 
B 2 7 0 0 0 0 0 0 0 
m 6 611 84545 45379 161 71 425 
D 22 2 110 13 45 22 2 110 18 53
B 0 7 0 0 38 0 0 0 7342 
B 1 7 0 0 0 0 0 0 11882 
B 2 7 0 0 0 0 0 0 182 
m 6 14582 2388211 1625171 3055 3815 6686 
D 23 2 110 9 13 23 2 110 16 38
B 0 7 0 0 29 0 0 0 10899 
B 1 7 0 0 1 0 0 0 14148 
B 2 7 0 0 0 0 0 0 5585 
m 6 19985 3209414 2084524 4022 5047 8051 
D 24 2 110 10 19 24 2 110 23 26
B 0 7 0 0 47 0 0 0 15405 
B 1 7 0 0 2 0 0 0 11502 
B 2 7 0 0 0 0 0 0 12692 
m 6 27092 4511242 2727699 4289 9169 13269 
D 25 2 110 11 7 25 2 110 17 56
B 0 7 0 0 10 0 0 0 5950 
B 1 7 0 0 0 0 0 0 0 
B 2 7 0 0 0 0 0 0 0 
m 6 8603 1358839 728023 14 2931 5272 
D 27 2 110 18 8 27 2 110 19 24
B 0 7 0 0 3 0 0 0 0 
B 1 7 0 0 1 0 0 0 0 
B 2 7 0 0 0 0 0 0 0 
m 6 483 47503 22983 4 68 310 
D 28 2 110 23 3 28 2 110 23 24
B 0 7 0 0 3 0 0 0 409 
B 1 7 0 0 0 0 0 0 0 
B 2 7 0 0 0 0 0 0 0 
m 6 777 63393 19486 1 57 131 
D 29 2 110 9 41 29 2 110 18 29
B 0 7 0 0 64 0 0 0 4809 
B 1 7 0 0 3 0 0 0 3562 
B 2 7 0 0 0 0 0 0 0 
m 6 12365 1720840 1224518 0 3148 4282 
D 30 2 110 10 13 30 2 110 17 57
B 0 7 0 0 24 0 0 0 12312 
B 1 7 0 0 0 0 0 0 16442 
B 2 7 0 0 0 0 0 0 7442 
m 6 21842 2997728 2117386 3634 4843 9573 
D 31 2 110 10 16 31 2 110 19 37
B 0 7 0 0 36 0 0 0 13818 
B 1 7 0 0 0 0 0 0 21755 
B 2 7 0 0 0 0 0 0 12755 
m 6 27155 3662136 2716887 10 6364 13418 
D 6 3 110 10 2 6 3 110 16 54
B 0 7 0 0 54 0 0 0 6251 
B 1 7 0 0 1 0 0 0 8886 
B 2 7 0 0 0 0 0 0 1326 
m 6 15726 2078947 1485319 2946 3848 5275 
D 7 3 110 10 44 7 3 110 17 8
B 0 7 0 0 30 0 0 0 10994 
B 1 7 0 0 0 0 0 0 16520 
B 2 7 0 0 0 0 0 0 4820 
m 6 19220 2707570 1922998 3710 4503 8116 
D 9 3 110 10 32 9 3 110 19 6
B 0 7 0 0 76 0 0 0 9551 
B 1 7 0 0 0 0 0 0 16038 
B 2 7 0 0 0 0 0 0 7038 
m 6 21438 3118442 1976939 3980 4695 9680 
D 10 3 110 16 34 11 3 110 2 39
B 0 7 0 0 23 0 0 0 3715 
B 1 7 0 0 8 0 0 0 2732 
B 2 7 0 0 0 0 0 0 0 
m 6 5789 650973 477569 1137 1542 1601 
D 11 3 110 12 58 11 3 110 14 52
B 0 7 0 0 16 0 0 0 1328 
B 1 7 0 0 2 0 0 0 0 
B 2 7 0 0 0 0 0 0 0 
m 6 2416 1492083 73119 1280 811 757 
D 12 3 110 16 33 12 3 110 23 53
B 0 7 0 0 59 0 0 0 7288 
B 1 7 0 0 0 0 0 0 6838 
B 2 7 0 0 0 0 0 0 0 
m 6 14331 2337339 1535944 3 4111 5109 
D 13 3 110 8 45 14 3 110 0 11
B 0 7 0 0 128 0 0 0 15941 
B 1 7 0 0 1 0 0 0 19185 
B 2 7 0 0 0 0 0 0 18686 
m 6 33086 5590782 2443085 3940 7104 19408 
